$ANSIBLE_VAULT;1.1;AES256
64383734356665646438356130323739323537616164353664616461346335383964366539326664
3735636636303730636434633061613964636337343235630a623631393561366135313439303931
63636236316563336532383435306361313765363130316634313531623936356132613964353864
3262623062326562660a386363326666346135616631663462633437653236383866626361346362
66623663386437613861663233383862393164383734376162373836633635326664626662633733
61373537616232343938303639363162333532373537333962616430623366303761343535333433
62396235636336373633623139653931626333383033376532306639396138363163333562626631
32393534366137356334363061383966656234366163363261663862356335616339393337393961
38353535323937386131383562623164383165613064386236306539303437393964303835306134
64613731393932656338666366383234313031356235363563613864316362653264333833633261
64323362663236396331323730643564663935366633323832393230623138633562663565343061
38346130333164376263
