$ANSIBLE_VAULT;1.1;AES256
62303632353330663231623438383664346664663630356432333535376238656135393263393235
6437303632316530303433363766396131353664356333610a333330333137663666336432626261
35353665336332643937376261643134616266623636373765343964376466353061636439646338
3432643736373334370a363631316565616139303736646138303637356230393761373031336330
35373461613964336637376337333838393631343962613265333030666238303166316164326232
31373636363866376664616461656663313663306638386133333863393665343137643565356261
38353239313261636633303838343135306363373862663564393732323765613031633739303637
38636434633466306665643932656262633030383535386439616166666266643731333835666230
38303438656165373166326436633063353163663834373736626236616663626363303664313339
34613262633735356438303532613433663266336263643130363864666134313766393432346639
35326164336364356638353365626162336264613661343238396563616231373733613531646462
38366233636230356235336162363032386664613633656239626564333134373931363431376662
32396531353233373263313936666631303862623665623665313164303132303232643631303330
30363463386537343835393761356138383761643065316362343962653135346330306334373332
34396466633939316263633361366563353461336634373337363339623838623538313735653661
36306639636564376662346536613336313436636538386436373361303532366361303865356565
65376235653233313032333432343530333363383638333630303166356161383366356361303664
35336438356662393364316661326334646139646232386664396166373232383762623861366231
35393364626564663830343662613462623565653464353635626130363864346562333838656466
36636137313032393937383437363463663565663463366434333437623831653237393136336337
37353039373235353363323030613738623938383235306565386636396262363265346638393337
65663261353238376136616239336361303737396530336339366263373962326336646238343538
65306638306538303663373430326662323461616166616561623764323561613638323538353938
36653132363039353430613463343763323032623264616166613632356635393465666234353064
36643964633039643961613764313134346238636435643961613462646130323933343163393936
37303132333538663130383633613466393036656234653337356335323134386539396235643761
39396364346334353838633865633536366465656165303538313463636433353064613432636131
38386361356335643532
