$ANSIBLE_VAULT;1.1;AES256
35613333326134346362346633653434336530303764356262376364343336636264616263663737
3630323130346639373063363836633938373932323765370a393039663532396361373265636231
64343637383633613361336436616337313063333262306361623562363038626261613330613032
3162396639326664650a373765323935393532643466366132666131393930333635356538643262
61383030386231363933613139616264353265376661343237356465303566326633636663356565
35633265656165636463653036633965613230643333376666346532383166343336323831356339
35643765356331303234303132336366326630656334636664666533383539373638623661363733
37316636643762373565363563386230656566643533646239356264613666393262323630353534
38393333303930633530616631303131666230623066653939396462643566393065626437343733
35313034653033663039346438356461316532363839613365393332633665306537356538343738
33633731356337366634316164376561393064353461323934373538626536323662353265333936
31303761393339663462393532383137613636336633616462316138363165616164376131653365
62333836323130613861653234356338653131373136393631303234306231633630393239346262
63653732636638396261313465633337313239383666363737383836383064383438626139663438
32363232333030636134396631306665363730353363613234323732653430336630313837383333
63353235323863393039626665666639636565653630613535383730653836626439656131636338
33313965376630303239313466346664363338373064653432313363636566373139326563343534
38323536383265656439303638383562333032636237623634383639346661353638343666383162
30313436626235616139343534636461323862653539656337643434353162363563623435333262
32623862363631613733343930386530366431343762633362386130303265396431623566343164
63666136333761356462326231333138393764353539633862656439323261366232
