$ANSIBLE_VAULT;1.1;AES256
30306232613235653864393662636466663633616265343937366162346236396462383937653362
3233363666353162333136306166626466656133613138350a356437386563613663663562643330
36393665643035346130323931653330663339636239333835373938636362383065393037633738
3735363036633863620a663536303539333935636263333962666333616635383831666662656262
66616534313664323234313436336532366332663261393933356133363634366639323861646336
32306265646232646562306161626331383638313463616637316166373236623965316631646361
38636166616631396265613433646237653438373466616138653265363835316638306663306261
38613536373561643531323432303834643731613439643336663461626436376465343931636130
61346638626538323133663933396338633839313862373934663863666637653634383035363333
38363661643638626331626362313066643232333639626630623265373531666439383639656537
62373464636638646565616661343337333663323431666264373137623536396431303335323830
32623439316163303863323966646130393439313937333433373133353336323761336462313166
6336
