$ANSIBLE_VAULT;1.1;AES256
61613333346165663436616164383132313565363965663732373531386432303462663635636366
3065343839396538373264656534343765653534656136350a363462376539366435653830646134
63626439333935643438323537333132316430326562653038663836643864336230653366393830
3764613864343465350a376336656430306333633335623332346534396338356363313862303931
36306639386531626463313234663237313265636530316661323035343366666161663162346632
32343038333439616666613231613733303364353831653636613662663165313637366638656331
38643665316230313765316331616636656665393764656633363335346263353531633036636135
33633631633036653333623434333931306234333337316532313562386536353036343931346235
38323039326433303761653431613838633738396231633638656238386139653234386233303936
61326465393438373337646232633034303833623765346363343438333839336433386139333261
31393139633266373764333266353133656335646239353033613862336237316136323064353665
32613738313863653136
