$ANSIBLE_VAULT;1.1;AES256
39653862663266323737363232646562383636353163343664616664386235613765663065653736
6430373330636561636366623430626365613366373939360a383039633930376162616633663339
34616438636262663734343930643561633365366465333363333033643366313462353134623133
3364346539323631300a663034383535663337656561663633363439616137383036366536633831
37336631363136353564653538343438316639373732386331336230653337336463353930303931
36356366643531626334633264396334313531373036363265393334333961633131653236636130
66363761613133623461373434353764366566623838393238373635303535336430383966373836
61376363623765303330653362313535393232336363373531393138363131653533373766303237
30326362366530326262386564656361646336363362393762346534326535356639633264323437
34323138666135306362366161623233306430313533663138633161306639663336396266343437
30373434643330333263386664643665313764336631363437613536373336396566373261376631
37316130623139306535656366353332333130353035393331613539383037316535316233303439
3963
