$ANSIBLE_VAULT;1.1;AES256
36393337653966623935386235363139326262386534336361643234356334366634666263326134
3837646231393864643036356464323761323363346435650a623436383661623638663234386230
32633836386335393334353730363761363638346330306138376238343235373166613131356464
3430643832353431370a303937303937643132336132383937353663336165646463333864626162
32313362393036393762323732663139316264326334646465396132346130323434336135333165
39393338313731656337356335306331633061346237346166353864363136616539663466656435
31336665656363333961616364366562323266653939306333656163316137663332653737356235
33343361316161613238326639363765616165646264666635613530343832396161613764333730
34393033626239633463623233653838373466336336373738633862656338353162353234353862
62326436633731386463626464623237303037323531323939393964353632363835613362356132
38383238333763653262616631383664633531313233313561616132393533393362653330323461
66303736666666386335
