$ANSIBLE_VAULT;1.1;AES256
64653462363532393763393661366338653430363833363662343832333266376461376535313834
3833326466386164323638313237666466313131393330660a373936626164393938616336393230
39383838623163343632343139306635646239333439646463633533356530353166363436613166
3431363137386530340a653236626238353336633933346132393961666564663434663766623338
34646235616334656630343261623130626262303232353765366433356634656534613335643865
38663764316435643539346661313466323666353535316434323739386132336265396638353334
37666466643035373332656134383239653637393833643164363762643039353961353637663131
36663934303733303564396531326333336536356137313663613264366365363564386233663036
61653333623539626665343834636566643733343164343466346462356161376431636339303533
39633536306665333764306130363636353938346331333663393632663030653339316464396632
35653832646235353130373432663561303265613935643330316664346466643763633231373638
65313164633562636166333764383236666335346632313165323961323631326633373030383464
31396631633265626333646139323362643937633164333634343636663635316665383930303064
61383862666137333864626538633762383433623835633034656634653966346463356663333332
32656235336230353061613863383532643465316366323263336337303461313266306539346632
37326636396165326239373030356634653037373062336536313631386230333233383333393639
64396631663166306664666339656337666130383233313935326263353134346563653763363563
34363036616237383563373039386563663638656434366563386433666637613337383732366461
33613665303139666337623961313061333537626431373437393030636133623065353063633065
39663934313232393964306432663863663334363063393230343432346438393335633930303266
38633739353065636137663837303265373633323138646636643834663032353761613938663361
66656339393636356564333264353762623034366233633833393337353135306366363164353865
36396239386465643838646537313765393735313336646331326365353965316263386335616563
34366630373631326463343036646338333331656138653865653664313636396131373631343464
35333038373331643237623466353466346439376363363663373535653364343739383063393332
66616432383762613831373065343762623763353734346234633532623935356434666535626664
37323839366165353763313361383561656433653662616339366665303137303936396638326663
31363830313632636661393062323361633936666335623835393063333966626265333335623465
65653932386662613936313838363733663764323361333032306330613139396233306132303631
66306261656165333532366333306564363030343065396635366639356334356333666365326435
61323463623963633161613236336531666332666263346539333666356139633737616434336438
32386465643561353964623633336564613432636636393463306639623365313430373263393135
34663663326464613864653464646334646566313264633832643634323237663034
