$ANSIBLE_VAULT;1.1;AES256
63313131323237623535626230326334363939383739663565303938643263303630316630323831
3235333864366637306531383539396162646166653430330a383437363366323830633863666436
62386538636130363166333436616633653439643662313736636563313562646436306565343133
3936333063616563380a663561653963633963623865633666303737373439623465343634633339
33663331353336636363616538343339353035626362383239336532643135323433613362613066
32616131666361346565346638343235656131323638303262316438623438616265373036306461
32656135303063316136386237366633616338373762663831393366383533663365343239623839
39306361386139303634663364383939353435636137663562366138363864393738363639333132
64366466323263633566386137306563653733383135353535616437306336613961666236356462
32653265656334376366353966663465396535623137633032386565333465376235383039336132
30656534353138383134396132373238313463323032343231313865316635626132386262313166
30396265353836616539613033613366623633323234313565646637396433343432393031363639
6137
